 1.7477e-05 4.44856e-05  2.5368e-05 0.000334755  0.00023516 1.29303e-05 8.16949e-06    0.969112 2.41739e-05 0.000156665 0.000157065   0.0233197 0.000412422 0.000936847 0.000740051  0.00230672 1.85798e-05 0.000161718 0.000234784 0.000764456 0.000435045 0.000541066
1.12946e-05  2.8749e-05 1.63942e-05 0.000216337 0.000151973 8.35627e-06 5.27956e-06    0.980039 1.56224e-05 0.000101245 0.000101503   0.0150704 0.000266529  0.00060544  0.00047826  0.00149072 1.20072e-05 0.000104511  0.00015173 0.000494032 0.000281149 0.000349666
2.39302e-05 6.09113e-05 3.47348e-05 0.000458359 0.000321989 1.77047e-05  1.1186e-05    0.957708 3.30998e-05 0.000214511 0.000215058   0.0319301 0.000564704  0.00128276  0.00101331  0.00315844 2.54401e-05  0.00022143 0.000321475  0.00104672 0.000595679 0.000740847
2.01716e-05 5.13443e-05 2.92792e-05 0.000386367 0.000271416 1.49239e-05 9.42903e-06     0.96435 2.79009e-05 0.000180819  0.00018128    0.026915 0.000476008  0.00108129  0.00085415  0.00266236 2.14444e-05 0.000186651 0.000270983 0.000882318 0.000502118 0.000624486
1.72063e-05 4.37965e-05 2.49751e-05  0.00032957 0.000231517 1.27301e-05 8.04294e-06    0.969591 2.37994e-05 0.000154238 0.000154632   0.0229584 0.000406034 0.000922336 0.000728588  0.00227099  1.8292e-05 0.000159213 0.000231148 0.000752615 0.000428306 0.000532685
          0           0           0           0           0           0           0           1           0           0           0           0           0           0           0           0           0           0           0           0           0           0
3.41419e-05  8.6904e-05 4.95572e-05 0.000653955 0.000459392 2.52598e-05 1.59593e-05     0.93966 4.72244e-05  0.00030605 0.000306831   0.0455557  0.00080568  0.00183016  0.00144571  0.00450625 3.62962e-05 0.000315921 0.000458659  0.00149339 0.000849873  0.00105699
  2.529e-05 6.43725e-05 3.67086e-05 0.000484405 0.000340286 1.87107e-05 1.18216e-05    0.955304 3.49806e-05 0.000226701 0.000227279   0.0337445 0.000596792  0.00135566  0.00107089  0.00333792 2.68857e-05 0.000234013 0.000339743   0.0011062 0.000629528 0.000782945
 7.6622e-05 0.000195032 0.000111217  0.00146762  0.00103098 5.66886e-05 3.58163e-05    0.864584 0.000105982 0.000686843 0.000688595    0.102237  0.00180812  0.00410728   0.0032445    0.010113 8.14566e-05 0.000708997  0.00102933  0.00335149   0.0019073  0.00237212
 5.0956e-05 0.000129702 7.39629e-05 0.000976012 0.000685632 3.76997e-05 2.38189e-05    0.909944 7.04813e-05 0.000456772 0.000457937   0.0679907  0.00120246  0.00273147  0.00215769  0.00672546 5.41712e-05 0.000471505 0.000684536  0.00222885  0.00126841  0.00157753
0.000169106 0.000430438 0.000245458  0.00323906  0.00227538 0.000125113  7.9047e-05    0.701135 0.000233904  0.00151587  0.00151974    0.225638  0.00399055  0.00906483  0.00716065   0.0223196 0.000179776  0.00156477  0.00227175  0.00739679  0.00420944  0.00523529
0.000144768 0.000368489 0.000210132  0.00277289  0.00194791 0.000107106 6.76705e-05    0.744148  0.00020024  0.00129771  0.00130102    0.193164  0.00341623  0.00776021  0.00613009   0.0191073 0.000153902  0.00133956   0.0019448  0.00633224  0.00360362  0.00448183
7.52972e-06  1.9166e-05 1.09294e-05 0.000144224 0.000101315 5.57085e-06  3.5197e-06    0.986693  1.0415e-05 6.74968e-05  6.7669e-05   0.0100469 0.000177686 0.000403627  0.00031884 0.000993816 8.00483e-06 6.96739e-05 0.000101153 0.000329355 0.000187433  0.00023311
3.76486e-06 9.58299e-06 5.46472e-06 7.21122e-05 5.06576e-05 2.78542e-06 1.75985e-06    0.993346 5.20748e-06 3.37484e-05 3.38345e-05  0.00502347 8.88431e-05 0.000201813  0.00015942 0.000496908 4.00241e-06 3.48369e-05 5.05767e-05 0.000164677 9.37163e-05 0.000116555
0.000193444 0.000492387 0.000280785  0.00370522  0.00260286 0.000143119 9.04236e-05    0.658122 0.000267567  0.00173404  0.00173846    0.258112  0.00456488   0.0103694  0.00819122   0.0255318 0.000205649  0.00178997   0.0025987  0.00846135  0.00481527  0.00598876
0.000227517 0.000579115 0.000330242  0.00435786  0.00306132 0.000168328 0.000106351    0.597904 0.000314697  0.00203947  0.00204467    0.303576  0.00536893   0.0121959  0.00963402    0.030029 0.000241872  0.00210525  0.00305643  0.00995172  0.00566343  0.00704362
0.000193444 0.000492387 0.000280785  0.00370522  0.00260286 0.000143119 9.04236e-05    0.658122 0.000267567  0.00173404  0.00173846    0.258112  0.00456488   0.0103694  0.00819122   0.0255318 0.000205649  0.00178997   0.0025987  0.00846135  0.00481527  0.00598876
0.000188576 0.000479997 0.000273719  0.00361199  0.00253736 0.000139518 8.81483e-05    0.666725 0.000260835   0.0016904  0.00169472    0.251618  0.00445001   0.0101085  0.00798511   0.0248894 0.000200475  0.00174493  0.00253331  0.00824844   0.0046941  0.00583807
0.000222649 0.000566726 0.000323176  0.00426463  0.00299583 0.000164726 0.000104075    0.606507 0.000307964  0.00199584  0.00200093    0.297081  0.00525406    0.011935   0.0094279   0.0293865 0.000236698  0.00206021  0.00299104  0.00973881  0.00554226  0.00689292
0.000227517 0.000579115 0.000330242  0.00435786  0.00306132 0.000168328 0.000106351    0.597904 0.000314697  0.00203947  0.00204467    0.303576  0.00536893   0.0121959  0.00963402    0.030029 0.000241872  0.00210525  0.00305643  0.00995172  0.00566343  0.00704362
0.000246987 0.000628675 0.000358503  0.00473079   0.0033233 0.000182733 0.000115452    0.563494 0.000341628    0.002214  0.00221965    0.329555  0.00582839   0.0132396   0.0104585   0.0325988 0.000262571  0.00228541  0.00331799   0.0108034  0.00614809  0.00764639
0.000271325 0.000690624  0.00039383  0.00519696  0.00365078 0.000200739 0.000126828    0.520481 0.000375291  0.00243217  0.00243837    0.362029  0.00640271   0.0145442    0.011489    0.035811 0.000288445  0.00251062  0.00364495   0.0118679  0.00675392  0.00839986
0.000339471 0.000864081 0.000492744  0.00650223  0.00456771 0.000251157 0.000158683    0.400045 0.000469549  0.00304303  0.00305079    0.452957  0.00801082   0.0181972   0.0143746   0.0448053  0.00036089  0.00314118  0.00456041   0.0148487  0.00845023   0.0105096
0.000407617  0.00103754 0.000591658   0.0078075  0.00548464 0.000301574 0.000190537    0.279609 0.000563808   0.0036539  0.00366322    0.543884  0.00961893   0.0218501   0.0172602   0.0537996 0.000433336  0.00377175  0.00547588   0.0178294   0.0101465   0.0126193
0.000433159  0.00110255 0.000628732  0.00829673  0.00582831 0.000320471 0.000202476    0.233973 0.000599136  0.00388285  0.00389276     0.57846   0.0102217   0.0232192   0.0183418   0.0571707  0.00046049   0.0040081    0.005819   0.0189466   0.0107823     0.01341
0.000450221  0.00114598 0.000653498  0.00862354  0.00605789 0.000333095 0.000210452    0.204808 0.000622737   0.0040358   0.0040461    0.600236   0.0106243   0.0241339   0.0190643   0.0594227 0.000478629  0.00416598  0.00604821   0.0196929   0.0112071   0.0139383
0.000458701  0.00116757 0.000665807  0.00878596  0.00617199 0.000339368 0.000214416    0.188338 0.000634465  0.00411181   0.0041223    0.613035   0.0108244   0.0245884   0.0194233   0.0605419 0.000487643  0.00424444  0.00616213   0.0200638   0.0114181   0.0142008
0.000484346  0.00123284  0.00070303  0.00927716  0.00651705 0.000358342 0.000226403    0.146478 0.000669938  0.00434169  0.00435277     0.64379   0.0114296   0.0259631   0.0205092   0.0639267 0.000514906  0.00448174  0.00650664   0.0211856   0.0120565   0.0149947
0.000492722  0.00125416 0.000715189  0.00943761  0.00662976 0.000364539 0.000230319    0.126232 0.000681523  0.00441678  0.00442805    0.660409   0.0116272   0.0264121   0.0208639   0.0650322 0.000523811  0.00455925  0.00661917    0.021552    0.012265    0.015254
0.000510093  0.00129838 0.000740403  0.00977033  0.00686349 0.000377391 0.000238439    0.108393 0.000705554   0.0045725  0.00458416    0.670725   0.0120372   0.0273433   0.0215995   0.0673252 0.000542279  0.00471998  0.00685253   0.0223118   0.0126974   0.0157918
0.000515586  0.00131236 0.000748376  0.00987555   0.0069374 0.000381455 0.000241006   0.0915401 0.000713149  0.00462174  0.00463353      0.6852   0.0121668   0.0276377   0.0218321   0.0680501 0.000548118  0.00477081  0.00692632   0.0225521   0.0128342   0.0159619
0.000493458  0.00125604 0.000716257   0.0094517  0.00663966 0.000365084 0.000230663    0.101357 0.000682536  0.00442338  0.00443466    0.684965   0.0116445   0.0264515   0.0208951   0.0651291 0.000524594  0.00456605  0.00662905   0.0215842   0.0122833   0.0152768
0.000494194  0.00125791 0.000717325   0.0094658  0.00664956 0.000365628 0.000231007   0.0764828  0.00068355  0.00442998  0.00444128    0.709521   0.0116618    0.026491   0.0209263   0.0652259 0.000525376  0.00457286  0.00663894   0.0216163   0.0123016   0.0152996
0.000530348  0.00134994 0.000769803   0.0101583  0.00713603 0.000392377 0.000247907    0.087162 0.000733575  0.00475406  0.00476619    0.683185   0.0125153    0.028429   0.0224572   0.0699989 0.000563812  0.00490741  0.00712463   0.0231978   0.0132016   0.0164189
0.000550603  0.00140149 0.000799203   0.0105463  0.00740857 0.000407362 0.000257375   0.0659308 0.000761595  0.00493563  0.00494822    0.695645   0.0129933   0.0295148   0.0233148   0.0726726 0.000585344  0.00509483  0.00739673   0.0240837   0.0137058   0.0170459
0.000681507  0.00173469 0.000989211   0.0130536  0.00916993  0.00050421 0.000318564   0.0462568 0.000942702  0.00610905  0.00612464    0.658631   0.0160831   0.0365319   0.0288577   0.0899533 0.000724508  0.00630611  0.00915528   0.0298095   0.0169643   0.0210986
0.000809234   0.0020598  0.00117461      0.0155   0.0108885 0.000598706 0.000378268   0.0379936   0.0011195  0.00725397  0.00727249    0.611575   0.0190994   0.0433788   0.0342658     0.10682 0.000860294  0.00748798   0.0108711   0.0353963   0.0201438   0.0250528
0.000449568  0.00114432  0.00065255  0.00861103   0.0060491 0.000332612 0.000210147   0.0450346 0.000621817  0.00402995  0.00404023    0.760294   0.0106086   0.0240988   0.0190366   0.0593355 0.000477934  0.00415993  0.00603944   0.0196644   0.0111908    0.013918
 0.00119466  0.00304085  0.00173405   0.0228829   0.0160745 0.000883897 0.000558438   0.0203766   0.0016496   0.0107094   0.0107364    0.462518   0.0281432   0.0640356   0.0505908    0.157519  0.00127003   0.0110544   0.0160489   0.0522566   0.0297371   0.0369853
 0.00135101  0.00343882  0.00196099   0.0258779   0.0181782 0.000999583 0.000631524   0.0180841  0.00186468    0.012111   0.0121415    0.397181   0.0318127   0.0724156   0.0572119    0.178102  0.00143625   0.0125011   0.0181492   0.0590962   0.0336288   0.0418258
 0.00142374  0.00362396  0.00206657   0.0272717    0.019157  0.00105345  0.00066554   0.0168443  0.00196192   0.0127637   0.0127955    0.367213   0.0334716   0.0763094    0.060301    0.187467  0.00151358   0.0131742   0.0191264   0.0622795   0.0354387   0.0440783
 0.00150116  0.00382102  0.00217895   0.0287538   0.0201985  0.00111066 0.000701704   0.0155029  0.00207235   0.0134568   0.0134908    0.334674   0.0353557   0.0804669   0.0635632    0.197993  0.00159588   0.0138905   0.0201664   0.0656646   0.0373664   0.0464742
 0.00154558  0.00393408  0.00224342    0.029606   0.0207963  0.00114363 0.000722499   0.0146782   0.0021266   0.0138563   0.0138906    0.316899   0.0362812    0.082836   0.0654647    0.203336   0.0016431   0.0143015   0.0207631    0.067611   0.0384706   0.0478507
 0.00161104   0.0041007  0.00233843   0.0308617   0.0216774  0.00119221 0.000753141    0.013493  0.00220805   0.0144449   0.0144797    0.290537   0.0376708     0.08633   0.0682629     0.21132  0.00171269   0.0149072   0.0216425   0.0704789   0.0400983    0.049879
 0.00163843  0.00417043  0.00237819   0.0313822   0.0220449  0.00121212  0.00076583   0.0129489  0.00226524   0.0146861   0.0147237    0.277347   0.0386465   0.0878355   0.0693495    0.216518  0.00174181   0.0151607   0.0220105   0.0716683   0.0407834   0.0507225
 0.00166601  0.00424063  0.00241823   0.0319131   0.0224164  0.00123274 0.000778784    0.012449  0.00229005   0.0149359   0.0149727    0.267095   0.0390697    0.089292   0.0705557    0.219178  0.00177113   0.0154159    0.022381   0.0728814   0.0414674    0.051579
 0.00170048  0.00432837  0.00246826   0.0325765   0.0228807   0.0012585 0.000794971   0.0118425  0.00232261    0.015248   0.0152839    0.254141   0.0396253   0.0911139   0.0720612    0.222599  0.00180778   0.0157349    0.022844   0.0743968   0.0423225   0.0526492
 0.00176252  0.00448626   0.0025583   0.0337563   0.0237132  0.00130366  0.00082373   0.0105327  0.00244598   0.0157953   0.0158368    0.224798     0.04173   0.0945147   0.0745366     0.23402  0.00187372   0.0163089   0.0236774   0.0770935   0.0438728   0.0545605
 0.00178267  0.00453758  0.00258756   0.0341473    0.023985  0.00131897 0.000833261   0.0102261  0.00244889   0.0159807   0.0160201    0.218616   0.0417797   0.0955557   0.0754565    0.234838  0.00189516   0.0164954   0.0239482   0.0779882   0.0443696   0.0551892
 0.00181004  0.00460724  0.00262729   0.0346775    0.024354  0.00133969 0.000846189  0.00980571   0.0024578   0.0162318   0.0162686    0.209815   0.0419318   0.0969741   0.0766967     0.23628  0.00192425   0.0167486   0.0243158   0.0792007   0.0450449   0.0560421
 0.00189192  0.00481566  0.00274614    0.036222   0.0254507  0.00139824  0.00088383  0.00776424  0.00268443   0.0169413   0.0169923    0.165048    0.045798    0.101574   0.0797661    0.256706   0.0020113   0.0175064    0.025416   0.0827291   0.0471032   0.0585519
 0.00187122  0.00476296  0.00271609   0.0358325   0.0251731   0.0013835 0.000874315  0.00831026  0.00261813   0.0167626   0.0168094    0.177011   0.0446669    0.100405    0.078991     0.25103  0.00198929   0.0173148   0.0251378    0.081842   0.0465807   0.0579178
 0.00188763  0.00480472   0.0027399   0.0361559   0.0253945  0.00139634 0.000882171  0.00817465  0.00259245   0.0169182   0.0169604    0.174393   0.0442289    0.101213   0.0797968    0.249632  0.00200673   0.0174666   0.0253581   0.0825857    0.046979    0.058434
 0.00192625  0.00490302  0.00279596   0.0369081    0.025915  0.00142588 0.000900475   0.0076679  0.00258485    0.017276   0.0173123    0.163715   0.0440994    0.103185   0.0815755    0.250183  0.00204779   0.0178239   0.0258768   0.0843106   0.0479265   0.0596408
 0.00199575  0.00507994  0.00289685   0.0382555    0.026851  0.00147851 0.000933269  0.00662178  0.00260717   0.0179136   0.0179428    0.141311   0.0444803    0.106788   0.0846801    0.253923  0.00212168    0.018467   0.0268103    0.087398   0.0496383   0.0618065
0.000449568  0.00114432  0.00065255  0.00861103   0.0060491 0.000332612 0.000210147   0.0450346 0.000621817  0.00402995  0.00404023    0.760294   0.0106086   0.0240988   0.0190366   0.0593355 0.000477934  0.00415993  0.00603944   0.0196644   0.0111908    0.013918
          0           0           0           0           0           0           0           0           0           0           0           1           0           0           0           0           0           0           0           0           0           0
0.000673066  0.00171321 0.000976959   0.0128919  0.00905635 0.000497967 0.000314619   0.0359064 0.000930922   0.0060334  0.00604879    0.672645   0.0158821   0.0360793   0.0285005   0.0888326 0.000715534    0.006228  0.00904189   0.0294403   0.0167542   0.0208372
  0.0005981  0.00152239 0.000868145   0.0114561  0.00804766  0.00044251 0.000279578    0.021343 0.000826741  0.00536148  0.00537511     0.71971   0.0141047     0.03206   0.0253273    0.078906 0.000635838  0.00553432   0.0080348   0.0261615    0.014888   0.0185165
0.000933679  0.00237656  0.00135524   0.0178837    0.012563 0.000690775 0.000436439   0.0298769   0.0012917  0.00836949  0.00839086    0.565796   0.0220373   0.0500498    0.039535    0.123252 0.000992591   0.0086395   0.0125429   0.0408396   0.0232415   0.0289054
 0.00103831  0.00264288  0.00150711    0.019888   0.0139708  0.00076821 0.000485352   0.0226691  0.00143451  0.00930769  0.00933127    0.527854   0.0244736   0.0556555   0.0439698    0.136937  0.00110382  0.00960762   0.0139485    0.045417   0.0258455   0.0321448
 0.00119907  0.00305208  0.00174045   0.0229677    0.016134 0.000887187 0.000560511   0.0205324  0.00165457   0.0107492   0.0107762    0.460578   0.0282281   0.0642693   0.0507841     0.15799  0.00127473   0.0110952   0.0161081   0.0524499   0.0298469   0.0371223
 0.00121261  0.00308654   0.0017601   0.0232258    0.016316 0.000897107 0.000566811   0.0224638   0.0016796   0.0108694   0.0108974    0.452247   0.0286551   0.0650049   0.0513401    0.160213  0.00128912   0.0112205     0.01629    0.053039   0.0301851   0.0375403
 0.00128446  0.00326944   0.0018644   0.0246029   0.0172829 0.000950328 0.000600415   0.0196128  0.00177487   0.0115142   0.0115434    0.424321   0.0302804   0.0688506   0.0543926    0.169426  0.00136551   0.0118853   0.0172553   0.0561841   0.0319729   0.0397655
 0.00137465  0.00349899  0.00199531   0.0263313   0.0184965  0.00101713 0.000642596   0.0177706  0.00189447   0.0123237   0.0123544    0.387557   0.0323209   0.0736767   0.0582264    0.180964  0.00146138   0.0127198   0.0184668   0.0601314   0.0342168   0.0425585
 0.00148085  0.00376933  0.00214947   0.0283669   0.0199258  0.00109582 0.000692274   0.0158644   0.0020347    0.013277   0.0133095    0.344065   0.0347133   0.0793584   0.0627445    0.194495  0.00157429   0.0137026   0.0198936   0.0647801   0.0368593   0.0458478
  0.0014249  0.00362691  0.00206825    0.027291   0.0191723  0.00105408 0.000666021   0.0176251  0.00197894   0.0127714   0.0128048    0.364666    0.033762   0.0763938   0.0603135    0.188635  0.00151481   0.0131849    0.019142   0.0623221   0.0354707   0.0441115
 0.00146964  0.00374077  0.00213318   0.0281493   0.0197744  0.00108729 0.000686962   0.0163004  0.00203288   0.0131737   0.0132074     0.34727   0.0346823   0.0787803   0.0622267    0.194017  0.00156236   0.0135988   0.0197429   0.0642829   0.0365826   0.0454978
 0.00152594  0.00388408  0.00221491   0.0292297   0.0205323  0.00112911 0.000713328   0.0151019  0.00210065   0.0136804   0.0137143    0.324975   0.0358384   0.0817817   0.0646409    0.200721  0.00162222   0.0141198   0.0204992   0.0667505   0.0379822   0.0472428
 0.00158706  0.00403966  0.00230362   0.0304025   0.0213551  0.00117451 0.000741952   0.0139581  0.00217493   0.0142304   0.0142646    0.300573   0.0371057   0.0850402   0.0672626    0.208026   0.0016872   0.0146853   0.0213203   0.0694289   0.0395018   0.0491372
 0.00159618  0.00406289  0.00231687   0.0305694   0.0214766  0.00118061 0.000746028    0.013978  0.00222836   0.0143044   0.0143429    0.293045   0.0380172   0.0855954   0.0675297    0.212144   0.0016969   0.0147698    0.021443   0.0698081   0.0397366   0.0494118
 0.00162404  0.00413379   0.0023573   0.0311055   0.0218517  0.00120142 0.000759102   0.0133109  0.00225259   0.0145565   0.0145943     0.28282   0.0384306   0.0870684   0.0687425    0.214883  0.00172651   0.0150275   0.0218172   0.0710338   0.0404272   0.0502766
 0.00166289  0.00423269   0.0024137   0.0318535   0.0223751  0.00123048 0.000777357   0.0125494  0.00228688   0.0149086   0.0149453    0.268475   0.0390157   0.0891191   0.0704465    0.218597  0.00176782    0.015387   0.0223391   0.0727427   0.0413907   0.0514833
 0.00171484   0.0043649   0.0024891   0.0328536    0.023075  0.00126934 0.000801771   0.0116223  0.00233455   0.0153794   0.0154146    0.249116    0.039829   0.0918594   0.0727297    0.223617  0.00182304   0.0158677   0.0230368   0.0750263   0.0426793   0.0530967
 0.00180282  0.00458885   0.0026168   0.0345467   0.0242606  0.00133512 0.000843113   0.0100823  0.00242098   0.0161763   0.0162095    0.215854   0.0413037   0.0965059   0.0765902    0.232463  0.00191657   0.0166818   0.0242187   0.0788916   0.0448629    0.055829
 0.00174067  0.00443067   0.0025266   0.0333323     0.02342  0.00128712 0.000813451   0.0109574  0.00245197   0.0155949   0.0156392    0.231321   0.0418322   0.0933807   0.0735728    0.233023  0.00185051   0.0161068   0.0233841   0.0761173   0.0433375   0.0538803
 0.00175774   0.0044741  0.00255136   0.0336633   0.0236499  0.00130007 0.000821512   0.0106457  0.00245166   0.0157518   0.0157942    0.226216   0.0418269   0.0942625   0.0743494    0.233692  0.00186864   0.0162647   0.0236133   0.0768754   0.0437576   0.0544123
 0.00178718  0.00454903   0.0025941   0.0342338    0.024047  0.00132239 0.000835433   0.0101683  0.00245818   0.0160222   0.0160618    0.216978   0.0419381   0.0957852   0.0756966    0.235083  0.00189994   0.0165371   0.0240087   0.0781796   0.0444841   0.0553303
 0.00183076  0.00465998  0.00265736    0.035078   0.0246353  0.00135543 0.000856049  0.00948634  0.00247486   0.0164224   0.0164582    0.202789   0.0422228   0.0980416   0.0776934      0.2375  0.00194628   0.0169403   0.0245941   0.0801072    0.045561   0.0566894
  0.0018908   0.0048128  0.00274451   0.0362398   0.0254462  0.00140089 0.000884455  0.00854224  0.00250742   0.0169732   0.0170043    0.182591   0.0427784    0.101152   0.0804508    0.241309  0.00201011   0.0174958   0.0254005   0.0827569   0.0470465   0.0585613
 0.00186502  0.00474717  0.00270708   0.0357061   0.0250911  0.00137843 0.000871348  0.00831102  0.00266195   0.0167012   0.0167523    0.176246   0.0454144    0.100118   0.0786928    0.252741  0.00198269   0.0172574   0.0250546   0.0815401   0.0464387   0.0577211
 0.00187106  0.00476256  0.00271586   0.0358281   0.0251731  0.00138339 0.000874311  0.00831355  0.00263435   0.0167613   0.0168093    0.176774   0.0449437    0.100392   0.0790355    0.250972  0.00198912   0.0173133   0.0251358   0.0818214   0.0465827   0.0579141
 0.00189526  0.00482415  0.00275098   0.0363018      0.0255  0.00140211 0.000885856  0.00804328  0.00261298   0.0169881   0.0170312    0.171427   0.0445792    0.101605   0.0802066    0.250179  0.00201485   0.0175372   0.0254607   0.0829064   0.0471747   0.0586731
 0.00193853  0.00493427  0.00281378   0.0371459   0.0260846  0.00143539 0.000906454   0.0074944  0.00259954   0.0173912   0.0174273     0.15993     0.04435    0.103795   0.0822687    0.250344  0.00206084   0.0179375   0.0260417   0.0848362   0.0482372   0.0600279
 0.00200695  0.00510842  0.00291309   0.0384808   0.0270102  0.00148809 0.000939079  0.00659327  0.00259393   0.0180296   0.0180545    0.140715   0.0442545    0.107251   0.0855513    0.251372  0.00213358   0.0185705   0.0269606   0.0878828   0.0499198   0.0621717
 0.00211792  0.00539089  0.00307417   0.0406537    0.028516  0.00157439 0.000992322  0.00519143  0.00257968   0.0190749   0.0190781    0.110715   0.0440116    0.112772   0.0910594    0.251763  0.00225156   0.0195972   0.0284509   0.0928276   0.0526478   0.0656601
  0.0021854  0.00556263   0.0031721   0.0419897   0.0294354  0.00162819  0.00102512  0.00449306  0.00253906   0.0197264   0.0197086   0.0957861   0.0433187    0.115995   0.0946098    0.248968  0.00232329   0.0202213   0.0293568   0.0958615   0.0542958   0.0677977
 0.00277818  0.00707114  0.00403231   0.0551241   0.0377597  0.00222555  0.00134563  0.00197168  0.00172496   0.0269526   0.0258693   0.0419947   0.0294299    0.134313    0.108692    0.172289  0.00295344   0.0256991   0.0373003      0.1247   0.0677613   0.0880117
 0.00259151  0.00659619  0.00376148   0.0505663   0.0349981  0.00199324  0.00123185  0.00237982  0.00198281   0.0241451   0.0236826   0.0506914   0.0338291    0.131562    0.109798    0.198392  0.00275501   0.0239762    0.034803     0.11544   0.0636926   0.0811315
 0.00264291  0.00672699  0.00383607   0.0517531    0.035694  0.00204609  0.00125887  0.00225755  0.00191172   0.0247845    0.024202   0.0480856   0.0326162    0.132932    0.109107    0.191534  0.00280965   0.0244512   0.0354911    0.118194   0.0647753   0.0828901
 0.00270754  0.00689147  0.00392986   0.0533005   0.0365794  0.00211728  0.00129395  0.00212437  0.00182724   0.0256455   0.0248763   0.0452478   0.0311749    0.134313     0.10751    0.183208  0.00287835   0.0250483   0.0363559    0.121703   0.0661102   0.0851575
 0.00277813  0.00707105  0.00403226    0.055077   0.0375732  0.00220347  0.00133454  0.00199449   0.0017386   0.0266876   0.0256565   0.0424806   0.0296626    0.135276    0.105407    0.174255  0.00295338   0.0256999   0.0372994     0.12554   0.0675446   0.0877347
 0.00285196  0.00725892  0.00413939    0.057026   0.0385277  0.00229056  0.00137276  0.00188282  0.00165643   0.0277415   0.0263916   0.0401016   0.0282606    0.136213    0.101108    0.166121  0.00303187   0.0263817   0.0382854    0.130092   0.0688768   0.0903885
 0.00292678  0.00744927  0.00424793   0.0591447   0.0395219  0.00239009  0.00141397  0.00177496  0.00157377   0.0289456    0.027184   0.0378039   0.0268504     0.13645   0.0969494    0.157766   0.0031114   0.0270721   0.0392833    0.134742   0.0701811   0.0932181
1.05902e-05 2.69561e-05 1.53718e-05 0.000202846 0.000142496 7.83516e-06 4.95032e-06    0.981284 1.46482e-05 9.49314e-05 9.51736e-05   0.0141306 0.000249908 0.000567684 0.000448436  0.00139776 1.12585e-05 9.79934e-05 0.000142268 0.000463224 0.000263616  0.00032786
2.76612e-05 7.04082e-05 4.01504e-05 0.000529823 0.000372192 2.04651e-05   1.293e-05    0.951114 3.82604e-05 0.000247956 0.000248589   0.0369084 0.000652748  0.00148276  0.00117129  0.00365088 2.94065e-05 0.000255954 0.000371597  0.00120992 0.000688553 0.000856355
2.11805e-05 5.39123e-05 3.07436e-05 0.000405691 0.000284991 1.56703e-05 9.90063e-06    0.962567 2.92964e-05 0.000189863 0.000190347   0.0282612 0.000499816  0.00113537 0.000896871  0.00279552 2.25169e-05 0.000195987 0.000284536 0.000926447 0.000527232  0.00065572
0.000193444 0.000492387 0.000280785  0.00370522  0.00260286 0.000143119 9.04236e-05    0.658122 0.000267567  0.00173404  0.00173846    0.258112  0.00456488   0.0103694  0.00819122   0.0255318 0.000205649  0.00178997   0.0025987  0.00846135  0.00481527  0.00598876
0.000511521  0.00130201 0.000742475  0.00979767   0.0068827 0.000378447 0.000239106    0.103447 0.000707524  0.00458529  0.00459699    0.675054   0.0120708   0.0274198   0.0216599   0.0675133 0.000543796  0.00473319  0.00687171   0.0223742    0.012733    0.015836
0.000530319  0.00134986 0.000769761   0.0101577  0.00713564 0.000392355 0.000247893   0.0806616 0.000733526   0.0047538  0.00476593    0.689699   0.0125144   0.0284275   0.0224559   0.0699944  0.00056378  0.00490714  0.00712424   0.0231965   0.0132009    0.016418
0.000518163  0.00131892 0.000752116   0.0099249  0.00697207 0.000383362 0.000242211   0.0679991 0.000716697  0.00464484  0.00465669    0.707626   0.0122273   0.0277758   0.0219413   0.0683889 0.000550857  0.00479465  0.00696094   0.0226648   0.0128983   0.0160416
0.000576006  0.00146615 0.000836076   0.0110328  0.00775037 0.000426156 0.000269249   0.0596604 0.000796733  0.00516334  0.00517651    0.690916   0.0135928   0.0308765   0.0243905   0.0760252  0.00061235  0.00532989  0.00773799   0.0251949   0.0143382   0.0178324
0.000693126  0.00176427  0.00100608   0.0132761  0.00932626 0.000512806 0.000323995   0.0451963 0.000958794   0.0062132  0.00622906    0.654659   0.0163576   0.0371547   0.0293497   0.0914875  0.00073686  0.00641362  0.00931137   0.0303177   0.0172536   0.0214583
0.000812515  0.00206815  0.00117937   0.0155629   0.0109327 0.000601133 0.000379802   0.0378472  0.00112409  0.00728338  0.00730198    0.610297   0.0191777   0.0435547   0.0344048    0.107255 0.000863782  0.00751834   0.0109152   0.0355398   0.0202255   0.0251543
 0.00174702  0.00444683  0.00253582   0.0333458   0.0235569  0.00128644 0.000816747  0.00264277    0.011882    0.015587   0.0157026   0.0562637    0.202192    0.094081   0.0737467    0.245058  0.00185726   0.0161655   0.0234711   0.0758329   0.0437377   0.0540442
 0.00181238  0.00461319  0.00263068   0.0345938   0.0244365  0.00133453 0.000847241   0.0027519   0.0101831   0.0161697   0.0162889   0.0585866      0.1734   0.0976106   0.0764737    0.255109  0.00192674   0.0167703   0.0243492   0.0786784   0.0453698   0.0560647
0.000529976  0.00134899 0.000769263   0.0101512  0.00713103 0.000392102 0.000247733   0.0468529 0.000733016  0.00475074  0.00476285    0.723659   0.0125057    0.028409   0.0224415   0.0699465 0.000563416  0.00490396  0.00711963   0.0231815   0.0131923   0.0164074
0.000403668  0.00102749 0.000585926  0.00773189  0.00543151 0.000298655 0.000188692   0.0245498 0.000558184  0.00361853  0.00362774    0.800667  0.00952298   0.0216381   0.0170935    0.053267 0.000429138  0.00373521  0.00542283   0.0176568   0.0100482   0.0124971
0.000702476  0.00178806  0.00101965   0.0134552  0.00945208 0.000519725 0.000328366   0.0370208 0.000971649  0.00629703  0.00631309    0.658793    0.016577   0.0376558   0.0297459   0.0927159   0.0007468  0.00650014  0.00943698   0.0307267   0.0174863   0.0217477
0.000681028  0.00173347 0.000988516   0.0130445  0.00916349 0.000503864 0.000318342   0.0267966 0.000941535  0.00610485  0.00612037    0.678342   0.0160632   0.0365054   0.0288389   0.0898544 0.000723999  0.00630167  0.00914884   0.0297888   0.0169523   0.0210838
0.000935184  0.00238039  0.00135743   0.0179125   0.0125832 0.000691888 0.000437142   0.0303516  0.00129398  0.00838296  0.00840439    0.564658   0.0220761   0.0501306   0.0395987    0.123459 0.000994192  0.00865343   0.0125632   0.0409053    0.023279    0.028952
 0.00101987  0.00259594  0.00148034   0.0195348   0.0137227 0.000754564 0.000476733   0.0242727  0.00140957  0.00914235  0.00916556    0.534199   0.0240481   0.0546676   0.0431888    0.134529  0.00108422  0.00943701   0.0137008   0.0446101   0.0253867    0.031574
 0.00118425  0.00301436  0.00171895   0.0226838   0.0159346 0.000876218 0.000553584   0.0211576  0.00163475   0.0106163   0.0106431    0.466323   0.0278899   0.0634758   0.0501561    0.156068  0.00125897   0.0109581   0.0159091   0.0518014   0.0294782   0.0366635
 0.00120738  0.00307325  0.00175253   0.0231257   0.0162458  0.00089324 0.000564371   0.0227406  0.00167289   0.0108226   0.0108505    0.454206   0.0285406   0.0647252   0.0511192     0.15954  0.00128357   0.0111721   0.0162199   0.0528102   0.0300552   0.0373786
 0.00126057  0.00320862  0.00182972   0.0241451   0.0169615  0.00093264 0.000589246   0.0203885  0.00174306   0.0112999   0.0113287    0.433817   0.0297378   0.0675708   0.0533807    0.166325  0.00134011   0.0116643   0.0169343   0.0551382   0.0313785   0.0390257
 0.00133382  0.00339507  0.00193605   0.0255489   0.0179472 0.000986903 0.000623507   0.0186678   0.0018401   0.0119574   0.0119874    0.404193   0.0313933   0.0714904   0.0564955    0.175686  0.00141798   0.0123421   0.0179184   0.0583442   0.0332011   0.0412943
 0.00142118  0.00361743  0.00206285   0.0272196   0.0191224  0.00105132 0.000664283   0.0177583  0.00197491   0.0127379   0.0127713    0.366103   0.0336933   0.0761945   0.0601575    0.188164  0.00151085   0.0131504    0.019092   0.0621585   0.0353783   0.0439963
 0.00145731   0.0037094  0.00211529    0.027913   0.0196087  0.00107816 0.000681203   0.0166489   0.0020179   0.0130631   0.0130966    0.352166   0.0344267   0.0781203   0.0617073    0.192444  0.00154926   0.0134847   0.0195773   0.0637422   0.0362764   0.0451162
 0.00151581   0.0038583  0.00220021   0.0290356   0.0203962  0.00112162 0.000708602   0.0153544  0.00208812   0.0135896   0.0136234    0.329074   0.0356248   0.0812383   0.0642185    0.199386  0.00161145    0.014026   0.0203632    0.066306   0.0377307   0.0469294
 0.00160262  0.00407928  0.00232622   0.0307008   0.0215648  0.00118605 0.000749246   0.0137092   0.0021967   0.0143703   0.0144048     0.29417   0.0374772   0.0858713   0.0679351    0.209976  0.00170375   0.0148294   0.0215294   0.0701085   0.0398898   0.0496196
 0.00159512  0.00406018  0.00231532   0.0305487   0.0214626  0.00117981 0.000745537   0.0140185  0.00222993   0.0142947   0.0143335    0.293373    0.038044   0.0855387   0.0674899    0.212037  0.00169577   0.0147599   0.0214287   0.0697594    0.039711   0.0493789
 0.00161935  0.00412186   0.0023505   0.0310152   0.0217891  0.00119794 0.000756923   0.0134428  0.00225051   0.0145143   0.0145524    0.284566   0.0383952   0.0868178   0.0685532    0.214328  0.00172153   0.0149842   0.0217542   0.0708254    0.040312   0.0501316
 0.00165936  0.00422369  0.00240857   0.0317855   0.0223281  0.00122788 0.000775726   0.0126442  0.00228527    0.014877   0.0149139    0.269865   0.0389882   0.0889276   0.0703139    0.218103  0.00176406   0.0153543   0.0222916   0.0725844   0.0413042   0.0513742
 0.00170501  0.00433988  0.00247482   0.0326643   0.0229433  0.00126203 0.000797184   0.0118152  0.00232704   0.0152908   0.0153265    0.252864    0.039701   0.0913355   0.0723242    0.222516  0.00181259   0.0157767   0.0229048   0.0745907   0.0424368   0.0527921
 0.00174376  0.00443853  0.00253108   0.0333904   0.0234624  0.00128938 0.000814914    0.010895  0.00246593   0.0156222   0.0156673    0.229776   0.0420703   0.0935471   0.0737193    0.233513  0.00185379   0.0161354   0.0234256   0.0762455   0.0434172    0.053976
 0.00176094  0.00448226  0.00255602   0.0337236   0.0236942  0.00130243 0.000823046   0.0105915  0.00246688   0.0157803   0.0158237    0.224608   0.0420866   0.0944339   0.0745123    0.234171  0.00187205   0.0162943   0.0236564    0.077007   0.0438411   0.0545121
 0.00179373  0.00456571   0.0026036   0.0343589   0.0241368  0.00132731 0.000838564    0.010059  0.00247379   0.0160817    0.016122    0.214346   0.0422045   0.0961272    0.076027     0.23569  0.00190691   0.0165977   0.0240967   0.0784575   0.0446508   0.0555347
  0.0018432  0.00469164  0.00267542   0.0353172   0.0248051  0.00136484 0.000861992  0.00928507  0.00249166   0.0165365   0.0165724    0.198304   0.0425095   0.0986839    0.078318    0.238368   0.0019595   0.0170554   0.0247612   0.0806436    0.045874    0.057078
 0.00192268  0.00489394  0.00279078   0.0368539   0.0258788  0.00142494 0.000899579  0.00800705  0.00253989   0.0172645   0.0172951    0.171008   0.0433324    0.102812   0.0819682    0.243901    0.002044   0.0177908   0.0258287   0.0841461   0.0478425   0.0595551
 0.00187831    0.004781  0.00272637   0.0359571   0.0252726  0.00138815 0.000877622  0.00801258  0.00271494    0.016819    0.016873    0.169802   0.0463184    0.100835   0.0793021    0.254821  0.00199682   0.0173804   0.0252332   0.0820983   0.0467792   0.0581327
 0.00189014  0.00481113  0.00274356   0.0361903   0.0254331  0.00139744 0.000883318    0.007915  0.00269251   0.0169316   0.0169825    0.168137   0.0459359    0.101415   0.0799126    0.253632  0.00200941   0.0174899   0.0253921   0.0826312   0.0470681   0.0585057
 0.00191795  0.00488191  0.00278392   0.0367344   0.0258097  0.00141899 0.000896624  0.00760609  0.00266696   0.0171926   0.0172383    0.161974   0.0455001    0.102805   0.0812945    0.252725  0.00203897   0.0177472   0.0257656   0.0838731   0.0477506   0.0593788
 0.00196383  0.00499869  0.00285051   0.0376311   0.0264315  0.00145451 0.000918582  0.00705772  0.00264271   0.0176229   0.0176604    0.150512   0.0450866    0.105103   0.0835771    0.252233  0.00208774   0.0181716   0.0263817   0.0859162   0.0488787   0.0608189
 0.00203404  0.00517738  0.00295241   0.0390046   0.0273849  0.00150908 0.000952291  0.00619386   0.0026206   0.0182839   0.0183085    0.132129   0.0447095    0.108599   0.0871357    0.252027  0.00216238   0.0188211   0.0273245   0.0890379   0.0506069   0.0630259
 0.00214135  0.00545052  0.00310817   0.0411127   0.0288477  0.00159346  0.00100421   0.0049204  0.00258507   0.0193058   0.0193066     0.10491   0.0441036    0.113847   0.0928229    0.250614  0.00227646   0.0198138   0.0287656   0.0938101   0.0532486   0.0664126
 0.00222899  0.00567358  0.00323537   0.0428615   0.0300551  0.00166517  0.00104766  0.00411945  0.00250721   0.0201741   0.0201419    0.087804   0.0427754    0.117859    0.098089    0.244484  0.00236963   0.0206244   0.0299421   0.0977307   0.0553965   0.0692152
 0.00232286  0.00591248   0.0033716   0.0447715   0.0313611  0.00174558  0.00109542  0.00345457  0.00238915   0.0211477   0.0210599   0.0736118   0.0407615    0.121826    0.104103    0.233987  0.00246942   0.0214924   0.0312019    0.101976    0.057677   0.0722622
 0.00193702  0.00493045   0.0028116   0.0370746   0.0260658  0.00143123 0.000905085  0.00674615  0.00285737    0.017341    0.017401    0.143224   0.0487484    0.104011   0.0818068    0.263869  0.00205924   0.0179237   0.0260221   0.0846302   0.0482561   0.0599481
 0.00194981  0.00496299  0.00283016   0.0373266   0.0262398  0.00144132 0.000911271  0.00666747  0.00282897   0.0174632   0.0175199    0.141721   0.0482641    0.104631   0.0824954    0.262315  0.00207283   0.0180419   0.0261938   0.0852032   0.0485691   0.0603519
 0.00197743   0.0050333  0.00287025   0.0378691   0.0266154  0.00146296  0.00092459   0.0064261    0.002787   0.0177253   0.0177759    0.136787   0.0475482    0.105987   0.0839513    0.260388   0.0021022   0.0182975   0.0265647   0.0864367   0.0492472   0.0612224
 0.00202149  0.00514545  0.00293421   0.0387345   0.0272154  0.00149755 0.000945881  0.00599654  0.00273705   0.0181442   0.0181852    0.127773   0.0466962    0.108145   0.0863062    0.258168  0.00214904   0.0187051   0.0271564   0.0883997   0.0503305   0.0626121
 0.00208432  0.00530536  0.00302539   0.0399714    0.028074  0.00154728 0.000976432  0.00536539  0.00267886   0.0187465   0.0187726    0.114371   0.0457036    0.111182   0.0898123    0.255212  0.00221583   0.0192863       0.028   0.0911935   0.0518772   0.0645996
 0.00216704   0.0055159  0.00314545   0.0416082   0.0292127  0.00161387  0.00101718  0.00456419  0.00260448    0.019553   0.0195559   0.0972842   0.0444349     0.11507   0.0948522    0.250324  0.00230377   0.0200514   0.0291106   0.0948594   0.0539187   0.0672326
 0.00226012  0.00575281  0.00328055   0.0434672   0.0305168  0.00169145   0.0010644  0.00378377  0.00250112   0.0204923   0.0204635   0.0806318   0.0426717    0.119184    0.101743    0.241414  0.00240273   0.0209122   0.0303604   0.0989347   0.0562363   0.0702353
 0.00233883  0.00595311  0.00339477   0.0450769    0.031627  0.00176051  0.00110533  0.00326817  0.00238008   0.0213283   0.0212503   0.0696322   0.0406068    0.122369    0.107855    0.231082  0.00248639   0.0216398   0.0314166    0.102452   0.0581632   0.0728144
 0.00239609  0.00609881  0.00347785   0.0462382   0.0325737  0.00181856  0.00114168  0.00275366  0.00227154   0.0220303   0.0219488   0.0586572   0.0387553    0.123905      0.1229    0.217081  0.00254726   0.0221684   0.0321857    0.104394   0.0598153   0.0748411
 0.00230828  0.00587536  0.00335043      0.0444   0.0312368  0.00173203  0.00109047  0.00328611  0.00247924   0.0209836   0.0209647   0.0700091   0.0422988    0.121211    0.107956    0.235866  0.00245391   0.0213572   0.0310074    0.100766   0.0575508   0.0718159
 0.00236333  0.00601546  0.00343032    0.045543   0.0320404  0.00178338  0.00112073  0.00298218   0.0023586    0.021605   0.0215463   0.0635292   0.0402406    0.123167    0.114462    0.225941  0.00251244    0.021866   0.0317461     0.10316   0.0589229   0.0736653
 0.00239442  0.00609454  0.00347542    0.046171   0.0326027  0.00181736  0.00114272  0.00265837  0.00227193   0.0220157   0.0219688   0.0566244    0.038762    0.123695    0.127689    0.215009  0.00254548   0.0221526   0.0321639    0.104021   0.0599065    0.074817
 0.00232884  0.00592769  0.00338027   0.0447697   0.0315748  0.00174876  0.00110251  0.00301215  0.00249505   0.0211862    0.021196    0.064162   0.0425688    0.122052    0.112272    0.232869  0.00247577   0.0215472   0.0312843    0.101344   0.0582031   0.0725007
 0.00237226  0.00603818  0.00344328   0.0456791   0.0322276  0.00179099  0.00112745  0.00280201  0.00236451   0.0216971   0.0216753   0.0596846   0.0403415    0.123424    0.119462    0.223059  0.00252193   0.0219483   0.0318669    0.103179   0.0593065   0.0739874
