 1.1033e-05  1.5627e-05 1.56286e-05 0.000252565 0.000274868 8.37984e-06 3.72725e-06    0.969179 2.76417e-05 0.000106767 7.00891e-05   0.0256138 0.000529883  0.00030766 0.000738846  0.00148376  3.0133e-05 0.000124835 0.000190104 0.000425571 0.000355718 0.000234613
          0           0           0           0           0           0           0           1           0           0           0           0           0           0           0           0           0           0           0           0           0           0
1.44809e-05 2.05105e-05 2.05126e-05 0.000331491 0.000360765 1.09985e-05 4.89202e-06    0.959547 3.62798e-05 0.000140132 9.19919e-05   0.0336182 0.000695472 0.000403804 0.000969735  0.00194743 3.95496e-05 0.000163846 0.000249512 0.000558562  0.00046688  0.00030793
0.000105963 0.000150084   0.0001501  0.00242567  0.00263988 8.04813e-05 3.57971e-05    0.703987 0.000265476  0.00102541 0.000673147       0.246  0.00508909  0.00295482    0.007096   0.0142503 0.000289402  0.00119893  0.00182579  0.00408726  0.00341637  0.00225326
2.20661e-05  3.1254e-05 3.12572e-05 0.000505129 0.000549737 1.67597e-05  7.4545e-06    0.938357 5.52835e-05 0.000213534 0.000140178   0.0512277  0.00105977  0.00061532  0.00147769  0.00296752  6.0266e-05  0.00024967 0.000380208 0.000851142 0.000711436 0.000469226
1.70093e-05 2.40916e-05 2.40941e-05 0.000389371 0.000423756 1.29189e-05 5.74618e-06    0.952484 4.26143e-05 0.000164599 0.000108054    0.039488 0.000816903 0.000474309  0.00113905  0.00228746  4.6455e-05 0.000192454 0.000293077 0.000656089 0.000548398 0.000361695
3.81559e-05 5.40434e-05  5.4049e-05 0.000873453 0.000950587 2.89803e-05 1.28901e-05     0.89341 9.55943e-05 0.000369236 0.000242391   0.0885812  0.00183251  0.00106399  0.00255518  0.00513133  0.00010421  0.00043172 0.000657443  0.00147177  0.00123019  0.00081137
2.89617e-05 4.10209e-05 4.10251e-05 0.000662982  0.00072153 2.19971e-05 9.78404e-06    0.919094 7.25595e-05 0.000280264 0.000183984   0.0672364  0.00139094 0.000807607  0.00193947  0.00389487 7.90991e-05 0.000327691 0.000499023  0.00111712 0.000933759 0.000615859
6.34399e-05 8.98553e-05 8.98645e-05  0.00145225  0.00158049 4.81841e-05 2.14317e-05    0.822778  0.00015894 0.000613911 0.000403012     0.14728  0.00304683  0.00176904  0.00424836  0.00853161 0.000173265   0.0007178   0.0010931  0.00244703  0.00204538  0.00134903
4.62008e-05 6.54381e-05 6.54448e-05  0.00105761  0.00115101 3.50906e-05 1.56079e-05    0.870936  0.00011575 0.000447087 0.000293498    0.107258  0.00221889  0.00128833  0.00309392  0.00621324 0.000126182 0.000522746 0.000796061  0.00178208  0.00148957 0.000982442
0.000148486 0.000210314 0.000210335   0.0033991  0.00369927 0.000112779 5.01626e-05    0.585197 0.000372012  0.00143691 0.000943282     0.34472  0.00713134  0.00414059  0.00994364   0.0199689  0.00040554  0.00168007  0.00255848  0.00572748  0.00478737   0.0031575
0.000105963 0.000150084   0.0001501  0.00242567  0.00263988 8.04813e-05 3.57971e-05    0.703987 0.000265476  0.00102541 0.000673147       0.246  0.00508909  0.00295482    0.007096   0.0142503 0.000289402  0.00119893  0.00182579  0.00408726  0.00341637  0.00225326
1.70093e-05 2.40916e-05 2.40941e-05 0.000389371 0.000423756 1.29189e-05 5.74618e-06    0.952484 4.26143e-05 0.000164599 0.000108054    0.039488 0.000816903 0.000474309  0.00113905  0.00228746  4.6455e-05 0.000192454 0.000293077 0.000656089 0.000548398 0.000361695
0.000374813  0.00053088 0.000530934  0.00858011  0.00933782 0.000284679 0.000126622   0.0726215 0.000939096  0.00362708  0.00238106     0.75047   0.0180022   0.0104518      0.0251   0.0504065  0.00102368  0.00424088  0.00645821   0.0144575   0.0120844  0.00797026
0.000405383 0.000574179 0.000574238  0.00927991   0.0100994 0.000307898 0.000136949   0.0575333  0.00101572  0.00392291  0.00257526    0.751129   0.0194711   0.0113043   0.0271472   0.0545179  0.00110717  0.00458677  0.00698494   0.0156366     0.01307  0.00862032
  0.0004771 0.000675756 0.000675826   0.0109216   0.0118861 0.000362368 0.000161177   0.0409734   0.0011955  0.00461691  0.00303085    0.733837   0.0229173   0.0133041   0.0319497   0.0641631  0.00130304  0.00539821  0.00822064   0.0184029   0.0153823   0.0101453
0.000601174 0.000851494 0.000851581   0.0137619   0.0149772 0.000456605 0.000203093   0.0324606  0.00150654  0.00581758  0.00381905    0.683783   0.0288798    0.016764   0.0402584   0.0808502   0.0016419  0.00680207   0.0103585   0.0231887   0.0193826   0.0127837
0.000191009 0.000270543  0.00027057  0.00437253  0.00475866 0.000145076  6.4528e-05    0.466406 0.000478547  0.00184841  0.00121342     0.44344   0.0091736  0.00532636   0.0127913   0.0256876 0.000521677   0.0021612  0.00329118   0.0073677  0.00615836  0.00406174
0.000233532 0.000330772 0.000330806  0.00534595  0.00581805 0.000177373 7.88935e-05    0.347616 0.000585083   0.0022599  0.00148355     0.54216   0.0112159  0.00651213   0.0156389   0.0314062 0.000637815  0.00264234  0.00402387  0.00900792  0.00752936  0.00496598
 0.00028721 0.000406799 0.000406841  0.00657472  0.00715533 0.000218142 9.70271e-05     0.20048 0.000719564  0.00277934  0.00182455    0.663961   0.0137938  0.00800894   0.0192335   0.0386249 0.000784417  0.00324968  0.00494875   0.0110784  0.00925998   0.0061074
0.000332905 0.000471521 0.000471569  0.00762075  0.00829373 0.000252849 0.000112464    0.114527  0.00083404  0.00322153  0.00211483    0.728347   0.0159883  0.00928316   0.0222935   0.0447701 0.000909217   0.0037667   0.0057361    0.012841   0.0107332  0.00707909
0.000314817 0.000445902 0.000445948   0.0072067  0.00784312 0.000239111 0.000106354    0.134613 0.000788728   0.0030465  0.00199993    0.716798   0.0151197  0.00877879   0.0210823   0.0423377 0.000859817  0.00356204  0.00542444   0.0121433   0.0101501  0.00669447
0.000298364 0.000422598 0.000422641  0.00683006  0.00743321 0.000226614 0.000100795    0.172134 0.000747508  0.00288728   0.0018954    0.687042   0.0143295  0.00831998   0.0199805    0.040125  0.00081488  0.00337588  0.00514095   0.0115086   0.0096196  0.00634459
0.000356589 0.000505067 0.000505119  0.00816293  0.00888379 0.000270837 0.000120465   0.0938987 0.000893365  0.00345073  0.00226529    0.737796   0.0171255  0.00994361   0.0238796   0.0479552 0.000973902  0.00403468  0.00614419   0.0137545   0.0114968  0.00758273
0.000323225 0.000457811 0.000457858  0.00739918  0.00805259 0.000245497 0.000109194    0.108822 0.000809791  0.00312787  0.00205334     0.73862   0.0155234  0.00901325   0.0216454   0.0434684 0.000882781  0.00365718  0.00556932   0.0124676   0.0104212  0.00687326
0.000425982 0.000603355 0.000603417  0.00975146   0.0106126 0.000323543 0.000143908   0.0645362  0.00106716  0.00412225  0.00270612    0.734408   0.0204571   0.0118787   0.0285267   0.0572871  0.00116343  0.00481984  0.00733987   0.0164312   0.0137342  0.00905835
0.000557121 0.000789098 0.000789179   0.0127535   0.0138797 0.000423146  0.00018821   0.0407047  0.00139554  0.00539129   0.0035392    0.696348   0.0267521   0.0155355   0.0373087    0.074922  0.00152159  0.00630363  0.00959945   0.0214896   0.0179622    0.011847
 0.00082064  0.00116234  0.00116246   0.0187858   0.0204448 0.000623295 0.000277234   0.0246518  0.00205523  0.00794137  0.00521325    0.588037   0.0393981   0.0228838   0.0549561    0.110358   0.0022413  0.00928525     0.01414   0.0316542   0.0264583   0.0174506
0.000896015   0.0012691  0.00126923   0.0205115   0.0223228 0.000680554 0.000302701   0.0172996  0.00224181  0.00867091  0.00569215    0.559906   0.0429749   0.0249852   0.0600163    0.120434  0.00244716   0.0101381   0.0154387    0.034562   0.0288884   0.0190536
0.000212271 0.000300657 0.000300688  0.00485924  0.00528836 0.000161225 7.17108e-05    0.407011 0.000531815  0.00205415  0.00134848      0.4928   0.0101947  0.00591925   0.0142151   0.0285469 0.000579746  0.00240177  0.00365752  0.00818781  0.00684386  0.00451386
0.000191009 0.000270543  0.00027057  0.00437253  0.00475866 0.000145076  6.4528e-05    0.466406 0.000478547  0.00184841  0.00121342     0.44344   0.0091736  0.00532636   0.0127913   0.0256876 0.000521677   0.0021612  0.00329118   0.0073677  0.00615836  0.00406174
0.000254794 0.000360886 0.000360923  0.00583267  0.00634774 0.000193522 8.60762e-05    0.288221 0.000638351  0.00246565  0.00161862     0.59152    0.012237  0.00710502   0.0170627   0.0342656 0.000695884   0.0028829  0.00439022  0.00982803  0.00821486   0.0054181
0.000233532 0.000330772 0.000330806  0.00534595  0.00581805 0.000177373 7.88935e-05    0.347616 0.000585083   0.0022599  0.00148355     0.54216   0.0112159  0.00651213   0.0156389   0.0314062 0.000637815  0.00264234  0.00402387  0.00900792  0.00752936  0.00496598
0.000212271 0.000300657 0.000300688  0.00485924  0.00528836 0.000161225 7.17108e-05    0.407011 0.000531815  0.00205415  0.00134848      0.4928   0.0101947  0.00591925   0.0142151   0.0285469 0.000579746  0.00240177  0.00365752  0.00818781  0.00684386  0.00451386
0.000290415  0.00041134 0.000411382   0.0066481  0.00723519 0.000220577   9.811e-05    0.185897 0.000727596  0.00281036  0.00184491    0.677031   0.0139478  0.00809833   0.0194482    0.039056 0.000793171  0.00328595  0.00500399    0.011202  0.00936333  0.00617557
0.000276056 0.000391001 0.000391041  0.00631938  0.00687744  0.00020967 9.32589e-05    0.228825 0.000691619   0.0026714  0.00175369     0.64088   0.0132581  0.00769791   0.0184865   0.0371249 0.000753953  0.00312347  0.00475656   0.0106481  0.00890036  0.00587021
0.000254794 0.000360886 0.000360923  0.00583267  0.00634774 0.000193522 8.60762e-05    0.288221 0.000638351  0.00246565  0.00161862     0.59152    0.012237  0.00710502   0.0170627   0.0342656 0.000695884   0.0028829  0.00439022  0.00982803  0.00821486   0.0054181
0.000327308 0.000463594 0.000463641  0.00749263  0.00815429 0.000248598 0.000110573    0.115068 0.000820027  0.00316737  0.00207927    0.730447   0.0157197  0.00912709   0.0219187   0.0440175  0.00089393  0.00370337  0.00563966   0.0126251   0.0105528  0.00696007
0.000304775 0.000431679 0.000431723  0.00697681  0.00759293 0.000231484 0.000102961    0.142969 0.000763573  0.00294932  0.00193613    0.713182   0.0146374  0.00849876   0.0204098   0.0409872  0.00083239  0.00344842  0.00525141   0.0117559   0.0098263  0.00648092
0.000293065 0.000415092 0.000415135  0.00670875  0.00730119 0.000222589 9.90051e-05    0.181309 0.000734233    0.002836  0.00186174    0.680368    0.014075  0.00817222   0.0196256   0.0394123 0.000800408  0.00331592  0.00504964   0.0113042  0.00944875  0.00623191
0.000344243 0.000487581 0.000487631  0.00788031  0.00857622 0.000261461 0.000116295   0.0877097 0.000862469  0.00333126  0.00218686    0.749811   0.0165332  0.00959935   0.0230529   0.0462951 0.000940185  0.00389499  0.00593147   0.0132783   0.0110988   0.0073202
 0.00029827 0.000422465 0.000422508   0.0068279  0.00743087 0.000226543 0.000100764   0.0979551 0.000747279  0.00288637  0.00189481    0.761265   0.0143251  0.00831736   0.0199742   0.0401124 0.000814623  0.00337482  0.00513933    0.011505  0.00961657  0.00634259
0.000364237   0.0005159 0.000515953  0.00833801  0.00907433 0.000276646 0.000123049   0.0590051 0.000912575  0.00352474  0.00231388    0.769079   0.0174938   0.0101569   0.0243918    0.048984 0.000994791  0.00412122  0.00627597   0.0140495   0.0117434  0.00774536
0.000220836 0.000312788  0.00031282   0.0050553  0.00550173  0.00016773 7.46042e-05   0.0523201 0.000553285  0.00213704  0.00140289    0.843448   0.0106063  0.00615808   0.0147886   0.0296988 0.000603138  0.00249868   0.0038051  0.00851818     0.00712  0.00469599
0.000424741 0.000601597 0.000601659  0.00972304   0.0105817 0.000322601 0.000143489   0.0329262  0.00106424  0.00411024  0.00269824    0.766599   0.0204011   0.0118441   0.0284435   0.0571213  0.00116004   0.0048058  0.00731849   0.0163833   0.0136942  0.00903196
          0           0           0           0           0           0           0           0           0           0           0           1           0           0           0           0           0           0           0           0           0           0
0.000725248  0.00102723  0.00102734   0.0166022   0.0180683 0.000550842 0.000245008   0.0239478  0.00181757  0.00701826  0.00460726     0.63373   0.0348423   0.0202238   0.0485672   0.0975373  0.00198077  0.00820593   0.0124964   0.0279746   0.0233829   0.0154221
0.000695637  0.00098529 0.000985391   0.0159245   0.0173307 0.000528361 0.000235008   0.0134738   0.0017419  0.00673182  0.00441921     0.65825   0.0333917   0.0193977   0.0465954   0.0935031   0.0018999  0.00787088   0.0119861   0.0268327   0.0224281   0.0147926
0.000304775 0.000431679 0.000431723  0.00697681  0.00759293 0.000231484 0.000102961    0.142969 0.000763573  0.00294932  0.00193613    0.713182   0.0146374  0.00849876   0.0204098   0.0409872  0.00083239  0.00344842  0.00525141   0.0117559   0.0098263  0.00648092
0.000344243 0.000487581 0.000487631  0.00788031  0.00857622 0.000261461 0.000116295   0.0877097 0.000862469  0.00333126  0.00218686    0.749811   0.0165332  0.00959935   0.0230529   0.0462951 0.000940185  0.00389499  0.00593147   0.0132783   0.0110988   0.0073202
 0.00187607  0.00265727  0.00265754   0.0429094   0.0466936  0.00142289 0.000632966  0.00349831  0.00434924    0.018129   0.0119026    0.110167   0.0833594   0.0523941    0.123221    0.262789  0.00512388   0.0212285   0.0323265   0.0723477   0.0604532     0.03986
 0.00189381  0.00268241  0.00268268   0.0433051   0.0471225  0.00143579 0.000638725  0.00322929  0.00429344   0.0182934   0.0120109    0.101729   0.0822882   0.0529113    0.123766    0.268212  0.00517234   0.0214297   0.0326324   0.0730282   0.0610145   0.0402276
 0.00179355  0.00254037  0.00254063   0.0410371   0.0446634   0.0013612 0.000605516  0.00460072  0.00447994    0.017343   0.0113864    0.144449   0.0858683   0.0500554    0.118876    0.247202  0.00489849   0.0202941   0.0309043   0.0691543   0.0578248   0.0381224
 0.00184391  0.00261172  0.00261199   0.0421729   0.0459017  0.00139858 0.000622202  0.00375731  0.00453443   0.0178193   0.0117002    0.118203   0.0869054   0.0514951    0.121278    0.259771  0.00503605   0.0208645   0.0317725   0.0710727   0.0594479   0.0391793
 0.00183069  0.00259298  0.00259325   0.0418791   0.0455795  0.00138897 0.000617891  0.00403813  0.00449612   0.0176969   0.0116191    0.126983   0.0861753   0.0511083    0.120865    0.254775  0.00499992   0.0207146   0.0315444   0.0705798   0.0590177   0.0389049
 0.00186384  0.00263995  0.00264022   0.0426197   0.0463877  0.00141322 0.000628738  0.00344135  0.00449305   0.0180059   0.0118231    0.108332   0.0861096   0.0520704    0.122069    0.265653  0.00509046   0.0210903   0.0321161   0.0718333   0.0600849   0.0395948
 0.00186444  0.00264079  0.00264106   0.0426421   0.0464078  0.00141407 0.000629072  0.00356218   0.0044421   0.0180167   0.0118294     0.11214   0.0851373   0.0520701    0.122508    0.262152   0.0050921   0.0210968   0.0321261   0.0718797   0.0600944   0.0396135
 0.00188637  0.00267188  0.00267215   0.0431107   0.0469249  0.00142907 0.000635871   0.0029327  0.00441494   0.0182078   0.0119572   0.0923907   0.0846061   0.0527508    0.122248    0.278627  0.00515202   0.0213461    0.032505   0.0726675   0.0608095   0.0400534
 0.00188383  0.00266827  0.00266855   0.0430628   0.0468695  0.00142763 0.000635188  0.00309321   0.0044152   0.0181895   0.0119444   0.0974296   0.0846147    0.052659    0.122578    0.273618  0.00514507    0.021317   0.0324609   0.0725912   0.0607216   0.0400071
 0.00188874  0.00267522   0.0026755   0.0431861    0.046998  0.00143186 0.000637008   0.0032002  0.00436576   0.0182433   0.0119786    0.100806    0.083672   0.0527744     0.12338    0.269215  0.00515848   0.0213723   0.0325452   0.0728117   0.0608663    0.040119
 0.00163557   0.0023166  0.00231684   0.0374324   0.0407414  0.00124185 0.000552399  0.00697769  0.00420014   0.0158223   0.0103876    0.217011   0.0805111   0.0456251     0.10905    0.222442  0.00446701   0.0185061   0.0281819   0.0630682   0.0527398   0.0347735
 0.00170858  0.00242002  0.00242027   0.0390996   0.0425573   0.0012971 0.000576994  0.00581467  0.00442596   0.0165263   0.0108501    0.181825   0.0848372   0.0476696    0.113697     0.23354  0.00466642   0.0193324   0.0294401   0.0658753   0.0550969    0.036323
 0.00180931   0.0025627  0.00256296   0.0413893   0.0450508  0.00137277 0.000610708  0.00423964  0.00459871   0.0174905   0.0114841     0.13321   0.0881398   0.0505117    0.119499    0.252345  0.00494153   0.0204726   0.0311761   0.0697393   0.0583425   0.0384515
  0.0017814  0.00252317  0.00252342   0.0407586   0.0443636  0.00135199 0.000601439  0.00468684   0.0045833   0.0172257   0.0113098    0.147124   0.0878484   0.0497166    0.118098    0.245805  0.00486531   0.0201566    0.030695   0.0686736   0.0574438   0.0378648
 0.00183722  0.00260223   0.0026025   0.0420199    0.045738  0.00139355 0.000619976  0.00379245  0.00461412   0.0177552   0.0116583    0.119295   0.0884312   0.0513067      0.1209    0.258885  0.00501775   0.0207887   0.0316572   0.0708051   0.0592412   0.0390381
 0.00182685  0.00258754  0.00258781   0.0417906    0.045487  0.00138608 0.000616623  0.00400282  0.00461467     0.01766   0.0115953    0.125894   0.0884458   0.0510012    0.120644    0.254574  0.00498943   0.0206711   0.0314783   0.0704177    0.058906   0.0388241
 0.00187232  0.00265198  0.00265225   0.0427992   0.0465899  0.00141898 0.000631376   0.0031113  0.00456929   0.0180792   0.0118727   0.0979897   0.0875621   0.0523365    0.121925    0.273114  0.00511365   0.0211868   0.0322628   0.0721219   0.0603745   0.0397648
 0.00186317    0.002639  0.00263927   0.0426012   0.0463717   0.0014126 0.000628491  0.00335269  0.00458046   0.0179979   0.0118185    0.105555   0.0877809   0.0520575    0.121911     0.26707  0.00508865   0.0210828   0.0321047   0.0717897   0.0600757   0.0395792
 0.00186086  0.00263572  0.00263599   0.0425587   0.0463225  0.00141135 0.000627892  0.00350452  0.00456743    0.017982   0.0118072    0.110337   0.0875367   0.0519716    0.122295    0.262487  0.00508232   0.0210563   0.0320645   0.0717212   0.0599961   0.0395381
  0.0018842  0.00266882  0.00266909   0.0430512   0.0468659  0.00142698 0.000634999  0.00279227  0.00444515   0.0181812   0.0119408   0.0879799     0.08518   0.0527096    0.121675     0.28365   0.0051461   0.0213218    0.032468   0.0725538   0.0607539   0.0400008
 0.00188211  0.00266585  0.00266612   0.0430124    0.046822  0.00142585  0.00063446  0.00291485  0.00448881   0.0181667   0.0119307   0.0918294   0.0860183   0.0526325    0.121986    0.278916  0.00514039   0.0212979   0.0324318   0.0724884   0.0606852   0.0399636
 0.00188136  0.00266477  0.00266505   0.0430047   0.0468108  0.00142574 0.000634371  0.00304419  0.00449772   0.0181653    0.011929   0.0958929   0.0861928   0.0525919    0.122403    0.274261  0.00513832   0.0212891   0.0324185   0.0724788    0.060656   0.0399549
 0.00188572  0.00267094  0.00267121   0.0431153   0.0469271  0.00142956 0.000636021  0.00314016  0.00447307    0.018214   0.0119601   0.0989229   0.0857259   0.0526915    0.123211    0.269829  0.00515022    0.021338   0.0324932   0.0726719   0.0607882   0.0400555
 0.00173464  0.00245693  0.00245718   0.0396947   0.0432076  0.00131685 0.000585797  0.00532759  0.00461403   0.0167779   0.0110156    0.167201   0.0884411   0.0483984    0.115394     0.23743   0.0047376   0.0196273   0.0298892     0.06687   0.0559451   0.0368768
 0.00178381  0.00252657  0.00252683   0.0408135   0.0444287  0.00135388 0.000602307  0.00446568  0.00487821   0.0172498   0.0113261      0.1404   0.0934975    0.049782    0.118326    0.246043  0.00487188   0.0201837   0.0307365   0.0687476    0.057539   0.0379177
 0.00184284  0.00261019  0.00261046   0.0421458   0.0458787  0.00139772 0.000621858   0.0036098  0.00474233   0.0178083   0.0116937    0.113615   0.0908841   0.0514682    0.121168    0.260667   0.0050331   0.0208523   0.0317541   0.0710058   0.0594337   0.0391565
 0.00182786  0.00258897  0.00258924   0.0418124   0.0455169  0.00138686 0.000617005  0.00381464  0.00487174   0.0176699   0.0116025    0.120067   0.0933685     0.05103    0.120729    0.255097  0.00499219   0.0206825   0.0314958    0.070434   0.0589583   0.0388466
 0.00187169  0.00265108  0.00265135    0.042784    0.046576   0.0014185 0.000631176  0.00306635  0.00463862   0.0180731   0.0118689   0.0965847   0.0888873   0.0523194    0.121877    0.273356  0.00511192   0.0211796    0.032252   0.0720875   0.0603626   0.0397517
 0.00186343  0.00263938  0.00263965   0.0426049   0.0463813  0.00141275 0.000628593  0.00322232  0.00474113   0.0179999   0.0118204    0.101483   0.0908527   0.0520678    0.121875    0.268019  0.00508936   0.0210858   0.0321094   0.0717782   0.0601016   0.0395848
 0.00185997  0.00263447  0.00263474   0.0425368   0.0463058  0.00141069 0.000627637  0.00335978  0.00478198   0.0179735   0.0118024    0.105822   0.0916433   0.0519483    0.122251    0.263061  0.00507991   0.0210462   0.0320495   0.0716603   0.0599907   0.0395203
 0.00187931  0.00266189  0.00266216   0.0429478   0.0467568  0.00142376 0.000633558  0.00286543  0.00460543   0.0181401   0.0119138   0.0902815    0.088247   0.0525539    0.121832    0.278934  0.00513275   0.0212662   0.0323836   0.0723624   0.0606116   0.0399054
 0.00187917  0.00266167  0.00266195   0.0429526   0.0467606  0.00142406 0.000633661  0.00295272  0.00464166   0.0181439   0.0119157   0.0930285   0.0889445   0.0525329    0.122238    0.274966  0.00513234   0.0212642   0.0323809   0.0723697    0.060606   0.0399088
 0.00188363  0.00266798  0.00266825   0.0430656    0.046881  0.00142798 0.000635364  0.00303294  0.00464146   0.0181939   0.0119477   0.0955652   0.0889481   0.0526346    0.123096    0.270474  0.00514451   0.0213143   0.0324574   0.0725613   0.0607465   0.0400122
 0.00186642  0.00264365  0.00264392   0.0426003   0.0463947  0.00141144 0.000628304  0.00228704  0.00433423   0.0179833    0.011815   0.0720998   0.0830419   0.0523019    0.118509    0.309485  0.00509754   0.0211219   0.0321631   0.0717546   0.0602252   0.0395915
 0.00186641  0.00264365  0.00264392   0.0426003   0.0463947  0.00141144 0.000628304  0.00228703   0.0043342   0.0179832   0.0118149   0.0720993   0.0830413   0.0523019    0.118509    0.309487  0.00509754   0.0211219    0.032163   0.0717546   0.0602252   0.0395915
 0.00186641  0.00264365  0.00264392   0.0426002   0.0463946  0.00141144 0.000628302  0.00228699  0.00433412   0.0179832   0.0118149    0.072098   0.0830397   0.0523018    0.118508    0.309491  0.00509753   0.0211218    0.032163   0.0717544   0.0602251   0.0395914
  0.0018664  0.00264363  0.00264391      0.0426   0.0463943  0.00141143 0.000628299   0.0022869  0.00433393   0.0179831   0.0118149   0.0720951    0.083036   0.0523016    0.118507    0.309501  0.00509751   0.0211217   0.0321628   0.0717541   0.0602248   0.0395912
 0.00179918  0.00254834   0.0025486   0.0411611   0.0448166  0.00136546 0.000607515  0.00383084  0.00552807   0.0173973    0.011424    0.120638    0.105937   0.0502161    0.119201    0.249095  0.00491386   0.0203576   0.0310016   0.0693033   0.0580643   0.0382442
 0.00186638   0.0026436  0.00264388   0.0425995   0.0463938  0.00141141 0.000628291  0.00228667  0.00433344   0.0179829   0.0118147   0.0720878   0.0830266   0.0523011    0.118504    0.309526  0.00509745   0.0211215   0.0321625   0.0717532   0.0602241   0.0395907
 0.00182744  0.00258838  0.00258864   0.0418018   0.0455147   0.0013866 0.000616943  0.00349755  0.00538569   0.0176667   0.0116013     0.11018    0.103206   0.0510173    0.120741    0.255022  0.00499105   0.0206776   0.0314888   0.0703844   0.0589755     0.03884
 0.00186626  0.00264343   0.0026437   0.0425965   0.0463905  0.00141131 0.000628246  0.00228533   0.0043307   0.0179816   0.0118139   0.0720458   0.0829744   0.0522981    0.118487    0.309669  0.00509712   0.0211201   0.0321604   0.0717483   0.0602201    0.039588
 0.00186632  0.00264352  0.00264379   0.0425981   0.0463922  0.00141136  0.00062827  0.00228604  0.00433212   0.0179823   0.0118143   0.0720682   0.0830015   0.0522997    0.118496    0.309594  0.00509729   0.0211208   0.0321615   0.0717509   0.0602222   0.0395894
 0.00186376  0.00263984  0.00264011   0.0426092    0.046395  0.00141294 0.000628735  0.00299257  0.00506171   0.0180023    0.011823    0.094292    0.096976   0.0520806    0.121804    0.268994  0.00509026   0.0210894   0.0321153   0.0717561   0.0601411   0.0395921
 0.00185852  0.00263241  0.00263268   0.0425011   0.0462765  0.00140958 0.000627199  0.00313973   0.0051347   0.0179594   0.0117942   0.0989351   0.0983907   0.0519096    0.122125     0.26351  0.00507594   0.0210297   0.0320247   0.0715688   0.0599744   0.0394906
 0.00186614  0.00264326  0.00264353   0.0425935   0.0463873  0.00141121 0.000628201  0.00228403  0.00432798   0.0179803    0.011813   0.0720049   0.0829222   0.0522952     0.11847    0.309811  0.00509679   0.0211188   0.0321583   0.0717435   0.0602161   0.0395852
 0.00186622  0.00264338  0.00264365   0.0425956   0.0463896  0.00141128 0.000628232  0.00228497  0.00432982   0.0179812   0.0118136   0.0720345   0.0829575   0.0522972    0.118482    0.309712  0.00509702   0.0211197   0.0321597   0.0717469   0.0602188   0.0395871
 0.00187789  0.00265988  0.00266015     0.04291   0.0467235   0.0014225 0.000633054  0.00271497  0.00477065   0.0181241   0.0119043   0.0855616   0.0913995   0.0525229    0.121526    0.281113  0.00512887   0.0212502   0.0323594   0.0722748   0.0605898   0.0398733
 0.00187673  0.00265822  0.00265849   0.0428935   0.0467048  0.00142214 0.000632863  0.00281017  0.00486311   0.0181196   0.0119007   0.0885595   0.0931744   0.0524687    0.121989    0.275912  0.00512568   0.0212366   0.0323391   0.0722427   0.0605544   0.0398571
 0.00188113  0.00266445  0.00266472   0.0430058   0.0468259  0.00142608 0.000634574   0.0028841  0.00488733   0.0181696   0.0119328   0.0908976   0.0936508   0.0525675    0.122898    0.271084  0.00513771   0.0212861   0.0324146   0.0724281   0.0606978   0.0399603
 0.00173446  0.00245667  0.00245692   0.0397036   0.0432052  0.00131724 0.000585873  0.00568408  0.00419572   0.0167829    0.011017    0.178892   0.0804287   0.0483698    0.115947    0.233271   0.0047371   0.0196249   0.0298855   0.0669176   0.0559057     0.03688
 0.00173853  0.00246243  0.00246268   0.0397996   0.0433086  0.00132047 0.000587294   0.0056483  0.00418178    0.016824   0.0110438    0.178141   0.0801622   0.0484776    0.116375    0.233008  0.00474821   0.0196709   0.0299555   0.0670808   0.0560348   0.0369686
 0.00179396  0.00254095  0.00254121   0.0410566    0.044678  0.00136196  0.00060579  0.00478369  0.00431736   0.0173527   0.0113916     0.15038   0.0827569   0.0500475    0.119366    0.243755   0.0048996   0.0202985   0.0309109   0.0692033   0.0578208   0.0381375
 0.00178289  0.00252526  0.00252552   0.0408095   0.0444073  0.00135386 0.000602161  0.00500182  0.00426194   0.0172495   0.0113233    0.157467   0.0816967   0.0497261    0.118975    0.240374  0.00486936    0.020173     0.03072   0.0687885   0.0574609   0.0379069
 0.00178561  0.00252911  0.00252937   0.0408777   0.0444793  0.00135621 0.000603178  0.00502475  0.00422516   0.0172794   0.0113425    0.158441   0.0809931   0.0497903     0.11947    0.239005  0.00487679   0.0202036   0.0307667   0.0689069   0.0575441   0.0379692
 0.00183043  0.00259261  0.00259288   0.0418867   0.0455796  0.00138938 0.000617992  0.00427206  0.00432976    0.017702    0.011621    0.134435   0.0829927   0.0510753    0.121457    0.249866  0.00499922   0.0207114   0.0315395   0.0706122   0.0589886   0.0389083
 0.00183311   0.0025964  0.00259667   0.0419565    0.045652  0.00139181 0.000619033  0.00433346  0.00428001    0.017733   0.0116406    0.136499   0.0820415   0.0511333    0.122058    0.247528  0.00500653   0.0207414   0.0315854   0.0707357   0.0590676   0.0389714
 0.00184591  0.00261452  0.00261479   0.0422606    0.045978  0.00140205 0.000623531  0.00428425  0.00422291   0.0178635   0.0117252    0.135105   0.0809491   0.0514684    0.123458    0.245873  0.00504148   0.0208859   0.0318056   0.0712579   0.0594689   0.0392514
 0.00187482  0.00265546  0.00265573   0.0429339   0.0467043  0.00142453 0.000633463  0.00402387  0.00417351   0.0181499    0.011912    0.126989   0.0800036   0.0522523    0.125921     0.24639  0.00512043   0.0212127   0.0323032   0.0724066   0.0603854   0.0398739
 0.00186997  0.00264862  0.00264889    0.042781   0.0465505  0.00141881 0.000631101  0.00370347  0.00431217    0.018077   0.0118675    0.116633   0.0826526   0.0522009    0.123388    0.258004  0.00510721   0.0211591    0.032221   0.0721353   0.0602507   0.0397389
 0.00187732  0.00265902   0.0026593   0.0429623   0.0467419    0.001425 0.000633787  0.00376189  0.00425113   0.0181558    0.011918    0.118544   0.0814858   0.0523804    0.124476    0.254521  0.00512728   0.0212419   0.0323472   0.0724522   0.0604747   0.0399044
 0.00189311  0.00268138  0.00268166    0.043339   0.0471444  0.00143769 0.000639352  0.00372674     0.00418   0.0183175   0.0120227    0.117524   0.0801252   0.0527908    0.126214    0.251753   0.0051704   0.0214202   0.0326188    0.073103   0.0609664   0.0402508
 0.00191192  0.00270801  0.00270829   0.0437838   0.0476211  0.00145263 0.000645918  0.00362673  0.00411988   0.0185078   0.0121462    0.114429   0.0789744   0.0532875    0.128102    0.250094  0.00522176   0.0216326   0.0329424   0.0738679   0.0615557   0.0406604
  0.0018996   0.0026906  0.00269087   0.0434474   0.0472722  0.00144064 0.000640827  0.00329449  0.00424976   0.0183551   0.0120504      0.1038    0.081454   0.0530531    0.124567    0.264854  0.00518814   0.0214949   0.0327318   0.0732796   0.0611889   0.0403574
 0.00191368  0.00271054  0.00271082   0.0437844   0.0476304  0.00145198 0.000645789  0.00331097  0.00417974   0.0184997   0.0121437     0.10436   0.0801155   0.0534173    0.126075     0.26104   0.0052266   0.0216538    0.032974   0.0738676   0.0616222   0.0406665
 0.00193465  0.00274022   0.0027405   0.0442826   0.0481613  0.00146871 0.000653122  0.00326904  0.00409494   0.0187128   0.0122816    0.103087   0.0784928   0.0539662    0.128148    0.257329  0.00528385   0.0218905   0.0333345   0.0747345   0.0622703   0.0411242
 0.00195678  0.00277155  0.00277183   0.0448075   0.0487208  0.00148632 0.000660845  0.00319194  0.00401655   0.0189371   0.0124268     0.10069   0.0769923   0.0545477    0.130258    0.254355  0.00534428   0.0221404   0.0337152    0.075648   0.0629546   0.0416065
 0.00110417  0.00156394   0.0015641   0.0252763   0.0275084 0.000838637 0.000373016    0.016655  0.00276599    0.010685  0.00701438    0.462164    0.053023   0.0307906    0.073932    0.148537  0.00301568   0.0124933   0.0190254   0.0425906   0.0355998   0.0234797
 0.00117177  0.00165967  0.00165984   0.0268242   0.0291928 0.000890007 0.000395862   0.0137732   0.0029283   0.0113395  0.00744399     0.43343   0.0561348   0.0326742   0.0784974    0.157441  0.00320029   0.0132581   0.0201901   0.0451992   0.0377786   0.0249175
 0.00131495  0.00186247  0.00186266   0.0301029   0.0327606 0.000998805 0.000444249    0.011477  0.00327482   0.0127257  0.00835388    0.368611   0.0627778   0.0366648   0.0881438    0.176417  0.00359133   0.0148781   0.0226571   0.0507244   0.0423941   0.0279629
 0.00134024   0.0018983  0.00189849   0.0306794   0.0333888   0.0010179 0.000452751   0.0119685  0.00336045    0.012969  0.00851375    0.355207   0.0644183    0.037375   0.0896921    0.180497  0.00366042   0.0151644    0.023093   0.0516951   0.0432109   0.0284989
 0.00138241  0.00195803  0.00195823   0.0316462   0.0344405  0.00104999 0.000467021   0.0107868   0.0034507   0.0133779  0.00878209    0.337105   0.0661488   0.0385482   0.0925967    0.185773  0.00377559   0.0156415   0.0238196   0.0533248   0.0445695   0.0293967
 0.00145772  0.00206469   0.0020649   0.0333721    0.036318  0.00110729 0.000492495  0.00953856  0.00361561   0.0141079  0.00926112    0.303729   0.0693108   0.0406441   0.0977584    0.195336  0.00398126   0.0164935    0.025117   0.0562341   0.0469959   0.0309996
    0.00154  0.00218123  0.00218145    0.035258   0.0383695  0.00116989 0.000520329  0.00837497  0.00379494   0.0149055  0.00978452    0.267056   0.0727489   0.0429343    0.103396    0.205808  0.00420599   0.0174244   0.0265348   0.0594131   0.0496469   0.0327509
 0.00152889  0.00216549  0.00216571    0.034996   0.0380868  0.00116108 0.000516444  0.00877634    0.003837   0.0147933  0.00971147    0.268899   0.0735528   0.0426392    0.102207    0.206375  0.00417563   0.0172989   0.0263435   0.0589691   0.0492929   0.0325088
 0.00154721  0.00219145  0.00219167   0.0354182   0.0385452  0.00117513 0.000522679  0.00836557  0.00385143   0.0149722  0.00982871    0.261897   0.0738304   0.0431452    0.103581    0.208081  0.00422569   0.0175062   0.0266592   0.0596822   0.0498816   0.0329005
 0.00158138  0.00223985  0.00224008   0.0362039    0.039399  0.00120125 0.000534281  0.00782131  0.00389895    0.015305   0.0100469     0.24783   0.0747423   0.0440912    0.106071    0.211716  0.00431902   0.0178927   0.0272478    0.061008   0.0509807   0.0336297
 0.00161424  0.00228638  0.00228662   0.0369593   0.0402201  0.00122636 0.000545435  0.00736253  0.00394995    0.015625   0.0102566    0.234048   0.0757206   0.0450012    0.108459      0.2153  0.00440876   0.0182644   0.0278139   0.0622821    0.052038   0.0343308
 0.00166553  0.00235904  0.00235928    0.038121   0.0414876   0.0012647 0.000562541  0.00663056   0.0041618   0.0161135   0.0105783    0.206293   0.0797774   0.0464561    0.111153    0.225579  0.00454884   0.0188451    0.028698   0.0642377   0.0536966   0.0354118
 0.00168197  0.00238231  0.00238256   0.0385017   0.0418998  0.00127739 0.000568163  0.00640214  0.00414345   0.0162752    0.010684     0.20107   0.0794273   0.0469056    0.112492    0.226432  0.00459372   0.0190309    0.028981   0.0648834   0.0542215   0.0357645
 0.00169552   0.0024015  0.00240175   0.0388173   0.0422413  0.00128795 0.000572832  0.00623605  0.00412445   0.0164097   0.0107718    0.197088   0.0790647   0.0472728    0.113708    0.226748  0.00463073   0.0191841   0.0292144    0.065418   0.0546545   0.0360567
 0.00170131   0.0024097  0.00240994   0.0389555   0.0423903  0.00129262 0.000574889  0.00619008  0.00410169   0.0164692   0.0108105    0.196233   0.0786296    0.047423     0.11444    0.226084  0.00464654   0.0192494   0.0293139   0.0656513    0.054839   0.0361842
 0.00176856  0.00250497  0.00250522   0.0404737   0.0440472  0.00134264 0.000597218  0.00507719  0.00436039   0.0171065   0.0112304    0.159239   0.0835812   0.0493412    0.117665    0.241025  0.00483022    0.020011   0.0304734   0.0682093   0.0570129   0.0375974
 0.00176729  0.00250317  0.00250342    0.040453   0.0440217  0.00134207  0.00059693  0.00518309  0.00429145   0.0170993    0.011225    0.163119   0.0822632   0.0492894    0.118035    0.238311  0.00482676   0.0199965   0.0304513   0.0681788   0.0569661   0.0375766
 0.00177511  0.00251424  0.00251449   0.0406413   0.0442233  0.00134846 0.000599727  0.00516464  0.00423401   0.0171806   0.0112776    0.163053   0.0811644   0.0494893    0.119073    0.236766  0.00484811   0.0200846   0.0305857   0.0685005   0.0572118   0.0377498
  0.0017833  0.00252582  0.00252608   0.0408385   0.0444351  0.00135516 0.000602664  0.00513679  0.00418622    0.017266   0.0113328    0.162518     0.08025    0.049698    0.120201    0.235333  0.00487047   0.0201769   0.0307264   0.0688357   0.0574705   0.0379314
 0.00182469  0.00258448  0.00258475   0.0417528   0.0454378  0.00138494 0.000616044   0.0042676  0.00440948   0.0176455   0.0115844    0.134229   0.0845197   0.0509195    0.121018    0.250176  0.00498355   0.0206465   0.0314408   0.0703744   0.0588152   0.0387854
   0.001829  0.00259058  0.00259085   0.0418633   0.0455535  0.00138878 0.000617694  0.00434731  0.00433433   0.0176943   0.0116154    0.136946   0.0830834   0.0510163    0.121922    0.247004  0.00499531   0.0206949   0.0315146   0.0705677   0.0589449   0.0388857
  0.0018429  0.00261025  0.00261052    0.042196   0.0459099  0.00140003 0.000622628  0.00431242  0.00425585   0.0178376   0.0117082    0.136072   0.0815822   0.0513751    0.123627    0.244689  0.00503326   0.0208516   0.0317536   0.0711374   0.0593811   0.0391919
 0.00186663  0.00264384  0.00264412   0.0427573   0.0465138  0.00141892 0.000630942  0.00416063  0.00417776   0.0180783   0.0118645    0.131434   0.0800874   0.0520011    0.126202    0.243204  0.00509805   0.0211195   0.0321618   0.0720941   0.0601315   0.0397098
 0.00190713  0.00270119  0.00270147   0.0437096   0.0475411  0.00145089 0.000645044  0.00381593  0.00410399   0.0184856   0.0121297    0.120576   0.0786748   0.0530816    0.130313    0.242798  0.00520866    0.021577   0.0328589   0.0737112   0.0614194   0.0405897
 0.00186642  0.00264359  0.00264386   0.0426994   0.0464654  0.00141614 0.000629934  0.00369059  0.00438099    0.018043   0.0118456    0.116216    0.083971   0.0521017    0.123221    0.257991  0.00509751   0.0211189   0.0321599   0.0719847   0.0601482   0.0396643
 0.00187673  0.00265818  0.00265846   0.0429505   0.0467323  0.00142468 0.000633658   0.0037348  0.00430371   0.0181518   0.0119156    0.117703   0.0824942   0.0523595    0.124643    0.254281  0.00512566   0.0212351   0.0323371   0.0724194   0.0604669   0.0398944
 0.00189577  0.00268514  0.00268541    0.043406   0.0472196  0.00144007 0.000640403  0.00369181  0.00421116   0.0183478   0.0120425    0.116455   0.0807238   0.0528517    0.126885    0.250948  0.00517765     0.02145   0.0326645   0.0732024   0.0610623   0.0403134
 0.00192297  0.00272364  0.00272392   0.0440547   0.0479148  0.00146196 0.000650011  0.00356438  0.00410943   0.0186267   0.0122231    0.112513   0.0787764   0.0535592    0.130017    0.247877  0.00525193   0.0217569   0.0331323   0.0743141   0.0619163   0.0409106
 0.00195807  0.00277334  0.00277362   0.0448942   0.0488152  0.00149034 0.000662465  0.00336012  0.00400321   0.0189883   0.0124573    0.106107    0.076742   0.0544678    0.134241    0.244577  0.00534778    0.022153   0.0337359   0.0757474   0.0630219   0.0416836
 0.00189769   0.0026879  0.00268817   0.0434035   0.0472284  0.00143923 0.000640221    0.003266  0.00430619   0.0183372    0.012039    0.102903   0.0825349   0.0529994    0.124523    0.265101  0.00518293   0.0214733    0.032699   0.0731917   0.0611403    0.040318
  0.0019141  0.00271112   0.0027114   0.0437959   0.0476466  0.00145246 0.000646012  0.00327575  0.00422397   0.0185057   0.0121479    0.103258   0.0809636   0.0534238    0.126336    0.260922  0.00522773   0.0216584   0.0329811   0.0738719   0.0616486   0.0406783
 0.00193894  0.00274629  0.00274657   0.0443879   0.0482787  0.00147239 0.000654749  0.00322085  0.00411931   0.0187596   0.0123122    0.101582   0.0789611   0.0540708    0.128972    0.256594  0.00529557   0.0219388   0.0334084   0.0748962   0.0624208   0.0412225
 0.00197327   0.0027949  0.00279518   0.0452079   0.0491536  0.00150002 0.000666856  0.00309447  0.00399249   0.0191116   0.0125399   0.0976375   0.0765328   0.0549619    0.132664     0.25188  0.00538932   0.0223263   0.0339987    0.076315   0.0634875    0.041976
 0.00202549  0.00286881  0.00286911   0.0464623   0.0504902  0.00154241 0.000685396  0.00285668  0.00382044   0.0196516   0.0128885    0.090159   0.0732369   0.0563034     0.13851    0.245565   0.0055319   0.0229154   0.0348964   0.0784861   0.0651076   0.0431276
 0.00209226  0.00296334  0.00296365   0.0480682   0.0521942  0.00159661 0.000709058  0.00252254  0.00360454    0.020342   0.0133335   0.0796043   0.0690988   0.0580183      0.1454    0.239014  0.00571424   0.0236688   0.0360444   0.0812891   0.0671594   0.0445991
